0 0.400298 0.955707 0.066346 0.088586
2 0.311191 0.953226 0.083555 0.093548
3 0.282211 0.978123 0.031227 0.043753
1 0.257630 0.772358 0.043709 0.074013
0 0.252162 0.762663 0.085564 0.142397
3 0.061567 0.575252 0.054818 0.078214
2 0.037332 0.540760 0.074664 0.152024
2 0.049730 0.501005 0.099461 0.166059
0 0.035774 0.397221 0.071547 0.121003
2 0.030854 0.407280 0.061708 0.122846
2 0.975295 0.964479 0.040439 0.071042
3 0.832667 0.739439 0.033464 0.066266
0 0.792738 0.687081 0.059323 0.112489
1 0.743986 0.782628 0.021184 0.046862
0 0.690435 0.546671 0.058061 0.103102
0 0.686798 0.555254 0.065335 0.120268
0 0.688434 0.551395 0.062065 0.112550
1 0.627748 0.510690 0.005827 0.011173
0 0.589775 0.417101 0.077054 0.133938
1 0.575964 0.396188 0.022962 0.039817
2 0.534150 0.332631 0.060270 0.099885
1 0.535043 0.331456 0.025679 0.042658
1 0.525342 0.367596 0.020273 0.033911
2 0.504176 0.278141 0.048092 0.076657
0 0.498056 0.271999 0.081183 0.128926
2 0.493885 0.289905 0.065629 0.104671
0 0.459406 0.190751 0.069940 0.107274
2 0.384478 0.178562 0.062164 0.090511
1 0.349917 0.117102 0.007969 0.010660
1 0.348175 0.078118 0.015501 0.020506
3 0.322273 0.073139 0.045688 0.061740
2 0.305120 0.035789 0.108702 0.071579
3 0.257109 0.019689 0.041642 0.039378
1 0.258126 0.013776 0.032941 0.027553
2 0.914468 0.133342 0.050539 0.102900
1 0.922503 0.126753 0.024170 0.045511
1 0.924822 0.085680 0.010276 0.019489
