1 0.857610 0.056698 0.028535 0.035566
0 0.843176 0.057872 0.060072 0.115744
0 0.841291 0.057872 0.056301 0.115744
1 0.923398 0.288291 0.023304 0.022267
1 0.898017 0.229380 0.023081 0.019910
3 0.519946 0.237499 0.021251 0.036048
3 0.464550 0.234743 0.015034 0.041170
0 0.460812 0.269648 0.044956 0.115185
0 0.087376 0.156025 0.034594 0.119546
0 0.081069 0.158346 0.021981 0.114904
1 0.096520 0.150395 0.006577 0.015610
3 0.146922 0.854083 0.010538 0.030563
0 0.085920 0.818429 0.025925 0.115206
1 0.108242 0.810943 0.008127 0.012988
