3 0.113727 0.937288 0.047724 0.080389
0 0.099233 0.927141 0.076714 0.129360
3 0.045492 0.969311 0.036624 0.060901
1 0.036428 0.849997 0.019158 0.029694
2 0.051342 0.867013 0.081674 0.131742
1 0.029326 0.901568 0.018763 0.029674
0 0.614679 0.928019 0.076751 0.143962
3 0.412586 0.621715 0.025554 0.045379
1 0.424718 0.628993 0.021730 0.038576
2 0.355493 0.607465 0.097303 0.165912
2 0.393266 0.526793 0.067775 0.115003
0 0.359177 0.452744 0.072398 0.121290
3 0.374207 0.471107 0.029952 0.050624
0 0.321472 0.366705 0.062119 0.103495
1 0.273033 0.432759 0.019931 0.030992
1 0.317342 0.362307 0.020753 0.031520
3 0.247575 0.334872 0.050936 0.077533
2 0.262711 0.290462 0.070548 0.105185
1 0.234145 0.373093 0.015053 0.021479
2 0.167444 0.149073 0.100626 0.138363
3 0.120102 0.046400 0.065438 0.081787
3 0.135402 0.054464 0.045285 0.059220
3 0.135819 0.059152 0.043758 0.060744
2 0.833732 0.390304 0.079860 0.167848
3 0.780324 0.357922 0.043886 0.083347
2 0.783322 0.308925 0.060950 0.118654
3 0.767001 0.225349 0.037563 0.070280
