3 0.195628 0.718763 0.030886 0.051971
0 0.188716 0.719313 0.062384 0.118463
0 0.196074 0.277547 0.031075 0.109577
1 0.167775 0.286074 0.018059 0.018955
2 0.131038 0.281508 0.077361 0.097928
3 0.583497 0.980546 0.025033 0.038908
0 0.577789 0.912468 0.034733 0.118862
3 0.568718 0.949114 0.012853 0.031718
1 0.545739 0.850922 0.015337 0.023411
0 0.568117 0.584575 0.045867 0.112877
0 0.580551 0.582708 0.020999 0.109141
2 0.533716 0.227922 0.052714 0.077775
2 0.543181 0.019078 0.047196 0.038156
0 0.560903 0.045487 0.046543 0.090975
2 0.907627 0.918660 0.046032 0.129022
0 0.950479 0.901112 0.016831 0.113020
1 0.929016 0.348701 0.010871 0.019369
1 0.900432 0.192619 0.018623 0.029358
0 0.950614 0.242834 0.025469 0.114547
1 0.927888 0.270038 0.009588 0.026189
