0 0.203299 0.918269 0.045182 0.119329
0 0.188135 0.590691 0.066232 0.113990
0 0.192953 0.590111 0.056598 0.112829
0 0.204419 0.588729 0.033664 0.110065
0 0.189911 0.048262 0.047152 0.096523
1 0.115349 0.060695 0.014648 0.019909
0 0.197689 0.048262 0.031593 0.096523
0 0.578394 0.912315 0.036823 0.119952
0 0.583177 0.910387 0.027260 0.116097
3 0.549073 0.955437 0.029482 0.055285
0 0.568078 0.252164 0.036007 0.111835
0 0.571745 0.143248 0.025085 0.112120
0 0.956632 0.895783 0.026256 0.119129
0 0.946189 0.568178 0.038285 0.113699
0 0.948931 0.567619 0.032801 0.112580
0 0.955458 0.566288 0.019747 0.109918
0 0.944163 0.037090 0.027507 0.074181
1 0.901826 0.037928 0.008452 0.019971
0 0.948604 0.037090 0.018624 0.074181
