0 0.098628 0.925510 0.072366 0.122526
0 0.668610 0.965001 0.058357 0.069997
3 0.581448 0.843958 0.030500 0.061010
2 0.576073 0.843384 0.060844 0.121131
0 0.533018 0.765261 0.068978 0.130880
0 0.529355 0.772971 0.076303 0.146299
1 0.930908 0.595276 0.013050 0.030391
0 0.926970 0.523890 0.057141 0.120399
0 0.837498 0.373246 0.063607 0.127170
2 0.824929 0.405735 0.075601 0.156588
3 0.803847 0.412293 0.038049 0.076340
1 0.779225 0.316279 0.011476 0.022417
0 0.794476 0.293561 0.063497 0.121676
0 0.793437 0.295818 0.065575 0.126189
1 0.725843 0.303264 0.006253 0.011933
1 0.741815 0.226229 0.011855 0.022293
0 0.753005 0.211270 0.060346 0.110866
