1 0.915770 0.562071 0.012241 0.022732
1 0.903163 0.509805 0.010588 0.022312
2 0.835518 0.663610 0.066698 0.051833
1 0.774480 0.602247 0.020546 0.044482
0 0.746809 0.519666 0.089985 0.116834
0 0.746109 0.513456 0.088586 0.104418
2 0.681663 0.664443 0.075172 0.082574
3 0.689605 0.670541 0.032649 0.053689
2 0.669509 0.562384 0.089591 0.145769
2 0.493783 0.559759 0.028355 0.075763
0 0.505167 0.511752 0.079806 0.096704
3 0.394635 0.701738 0.025853 0.052305
1 0.438452 0.639271 0.025063 0.063566
2 0.408172 0.574771 0.055221 0.128256
2 0.343614 0.521426 0.085008 0.113179
1 0.309552 0.671601 0.010470 0.018066
2 0.006821 0.596527 0.013641 0.050966
0 0.033771 0.525171 0.067542 0.057428
1 0.003534 0.538315 0.005412 0.013697
