3 0.184960 0.983406 0.043030 0.033188
3 0.271740 0.678159 0.028823 0.049468
0 0.265208 0.678151 0.058005 0.113378
0 0.282035 0.237093 0.028123 0.112484
1 0.254786 0.243501 0.016969 0.020437
2 0.219802 0.236042 0.072383 0.104367
2 0.594608 0.914661 0.078203 0.132433
0 0.637819 0.901239 0.039897 0.117724
2 0.626638 0.348423 0.070272 0.118596
1 0.637738 0.362080 0.006827 0.011447
3 0.621847 0.385009 0.034137 0.041700
3 0.597319 0.081584 0.027563 0.055809
3 0.652171 0.140957 0.030067 0.065312
2 0.643923 0.127991 0.047485 0.123179
