3 0.979781 0.595131 0.040438 0.085322
2 0.972584 0.486489 0.054832 0.120472
3 0.732045 0.530546 0.038991 0.109570
2 0.741432 0.460729 0.093073 0.150097
3 0.679884 0.487189 0.045636 0.042370
3 0.654841 0.585254 0.040576 0.062261
0 0.578146 0.432318 0.081257 0.087013
0 0.577977 0.428878 0.080920 0.080133
2 0.416737 0.525038 0.079761 0.140122
3 0.307134 0.520894 0.032406 0.062277
3 0.350045 0.515336 0.051317 0.097064
2 0.335386 0.444051 0.081178 0.100991
2 0.078796 0.449978 0.100715 0.141575
3 0.012426 0.414933 0.024851 0.063463
3 0.015178 0.418449 0.030356 0.048687
