0 0.968352 0.475949 0.063296 0.046881
0 0.824626 0.501235 0.089896 0.089294
1 0.807730 0.600857 0.025566 0.054684
0 0.824404 0.499744 0.089452 0.086312
0 0.663986 0.494880 0.082666 0.068424
3 0.680837 0.507698 0.033605 0.093564
1 0.612861 0.540429 0.016784 0.037479
2 0.590497 0.616673 0.090508 0.222213
1 0.531591 0.624579 0.010315 0.028946
1 0.402085 0.615333 0.014494 0.023076
1 0.438938 0.615152 0.006045 0.021303
1 0.301208 0.685513 0.017155 0.048972
1 0.352731 0.616114 0.010807 0.027146
1 0.054146 0.639925 0.009091 0.015171
2 0.108678 0.575918 0.040837 0.052223
