1 0.177282 0.760394 0.024697 0.040565
0 0.221593 0.700741 0.085891 0.145024
2 0.219620 0.675877 0.057562 0.095297
2 0.124761 0.695484 0.098930 0.159205
3 0.101038 0.421939 0.040744 0.065147
0 0.062535 0.362759 0.070722 0.112427
3 0.647925 0.634482 0.053846 0.107385
0 0.676311 0.556095 0.058061 0.113814
1 0.583030 0.442804 0.014429 0.026676
1 0.542879 0.470563 0.014379 0.026160
2 0.575197 0.448904 0.033366 0.061906
1 0.468278 0.258666 0.031633 0.052464
3 0.516234 0.260399 0.044251 0.075254
0 0.412174 0.085418 0.082818 0.131630
2 0.388698 0.129678 0.088172 0.133833
3 0.353126 0.032623 0.059615 0.065246
1 0.375633 0.021140 0.026619 0.041083
