0 0.623591 0.914366 0.060169 0.119377
1 0.527012 0.810076 0.014826 0.029483
1 0.485739 0.848326 0.014801 0.029089
2 0.518971 0.818282 0.034335 0.066302
1 0.409384 0.635023 0.032324 0.056916
3 0.458377 0.627260 0.045207 0.081444
0 0.352820 0.462116 0.083974 0.138556
2 0.328720 0.513626 0.089720 0.145684
3 0.293252 0.405727 0.060328 0.094556
1 0.316052 0.401614 0.026915 0.043091
1 0.271390 0.349433 0.020579 0.030230
1 0.161068 0.150292 0.011483 0.015562
3 0.115005 0.174483 0.048507 0.066752
1 0.091698 0.198220 0.024002 0.030132
1 0.111068 0.044883 0.029239 0.038782
1 0.089182 0.095225 0.016227 0.020313
1 0.082222 0.034373 0.030020 0.034050
2 0.065219 0.036318 0.070380 0.072636
1 0.867584 0.501915 0.013626 0.030496
1 0.830787 0.500219 0.007802 0.016852
1 0.853460 0.508800 0.004952 0.010829
0 0.659518 0.059102 0.069395 0.118156
1 0.656295 0.119958 0.016043 0.027362
1 0.595773 0.022627 0.011904 0.018489
