0 0.745049 0.052424 0.082614 0.104849
2 0.819640 0.043916 0.104372 0.087832
2 0.761477 0.286158 0.114722 0.127289
3 0.717220 0.282549 0.026149 0.046101
0 0.740295 0.303855 0.072356 0.147310
0 0.723690 0.588619 0.038382 0.140424
2 0.740395 0.566533 0.031213 0.056403
3 0.856131 0.869967 0.026828 0.064248
2 0.807428 0.885087 0.060327 0.114644
2 0.331996 0.150943 0.069273 0.162222
1 0.320667 0.116963 0.022047 0.029753
1 0.284773 0.219149 0.013920 0.021307
3 0.329444 0.945015 0.040929 0.096489
2 0.269587 0.862805 0.060204 0.092157
2 0.277801 0.892754 0.057600 0.148229
