1 0.117589 0.915293 0.011022 0.009282
1 0.188940 0.391566 0.011926 0.013345
0 0.192661 0.369571 0.045801 0.109229
3 0.100360 0.337834 0.046134 0.057481
1 0.159396 0.237364 0.010541 0.018506
3 0.098273 0.209559 0.032166 0.033974
1 0.133039 0.258642 0.009880 0.008327
1 0.560057 0.993045 0.012657 0.013910
0 0.560450 0.045647 0.049309 0.091295
0 0.947079 0.685240 0.022516 0.111973
0 0.947889 0.685028 0.020895 0.111549
0 0.942124 0.686538 0.032427 0.114568
1 0.932717 0.567521 0.007441 0.017088
0 0.947631 0.245057 0.020802 0.112471
