0 0.600974 0.925722 0.028356 0.143365
0 0.593225 0.927020 0.043854 0.145960
0 0.596712 0.927020 0.036881 0.145960
1 0.564681 0.801456 0.007143 0.009326
0 0.583700 0.655952 0.064118 0.149324
1 0.582306 0.613785 0.022362 0.039145
2 0.580598 0.487950 0.061607 0.090893
1 0.581767 0.487561 0.028284 0.035412
1 0.552102 0.508052 0.021320 0.030353
2 0.584124 0.385699 0.046238 0.074304
0 0.582490 0.368958 0.067780 0.144764
2 0.568000 0.380662 0.055693 0.115590
0 0.593488 0.224789 0.046419 0.147979
2 0.529382 0.087279 0.054254 0.115834
