4 0.162184 0.614150 0.043158 0.109898
4 0.151554 0.615023 0.064420 0.111645
4 0.153512 0.614862 0.060505 0.111323
4 0.156673 0.204883 0.031681 0.040789
4 0.106592 0.147580 0.009250 0.015955
4 0.153180 0.061623 0.065700 0.123245
4 0.070881 0.057891 0.027507 0.040326
4 0.144056 0.036175 0.009368 0.008241
4 0.545421 0.825617 0.029829 0.115208
4 0.503539 0.878238 0.029834 0.034323
4 0.542777 0.826421 0.035118 0.116818
4 0.536576 0.606933 0.042275 0.112409
4 0.472634 0.626569 0.034652 0.072677
4 0.533555 0.057438 0.035246 0.114877
4 0.537452 0.057739 0.027451 0.114274
4 0.908297 0.930239 0.032197 0.121817
4 0.890471 0.791630 0.035439 0.053968
4 0.913119 0.707625 0.019534 0.111539
4 0.884142 0.587696 0.020627 0.025785
4 0.883930 0.641071 0.013912 0.031865
4 0.910546 0.377886 0.020162 0.109149
4 0.858137 0.020533 0.015753 0.039914
