4 0.824411 0.728396 0.038693 0.060375
4 0.833172 0.669152 0.071078 0.101228
4 0.840622 0.737942 0.077169 0.144363
4 0.768879 0.642310 0.064638 0.056234
4 0.768658 0.639931 0.064196 0.051476
4 0.646712 0.659773 0.064597 0.108543
4 0.650069 0.753389 0.067620 0.133597
4 0.526906 0.670596 0.050352 0.145821
4 0.533328 0.616157 0.019013 0.034146
4 0.521065 0.643968 0.062033 0.094312
4 0.398322 0.613819 0.063223 0.051395
4 0.406834 0.635244 0.026475 0.040027
4 0.272393 0.631616 0.070388 0.090607
4 0.273081 0.667413 0.031337 0.050038
4 0.198151 0.712705 0.084427 0.163961
4 0.210758 0.623467 0.071537 0.084414
