4 0.885745 0.501141 0.076476 0.085875
4 0.881063 0.536354 0.020819 0.027140
4 0.917516 0.588954 0.007960 0.014899
4 0.749428 0.493320 0.023871 0.044558
4 0.712487 0.590470 0.020738 0.050927
4 0.510516 0.611603 0.008735 0.037598
4 0.504690 0.568039 0.009477 0.037597
4 0.388946 0.523242 0.062639 0.072475
4 0.213340 0.523237 0.014935 0.028651
4 0.195840 0.536536 0.070231 0.080783
4 0.131951 0.677401 0.032787 0.037762
4 0.039601 0.613030 0.010144 0.025936
4 0.045785 0.662177 0.030480 0.025404
4 0.081515 0.558746 0.014974 0.028492
4 0.030170 0.537910 0.027593 0.043820
