4 0.041185 0.600466 0.082371 0.066098
4 0.041185 0.583086 0.082371 0.100858
4 0.041185 0.590927 0.082371 0.085177
4 0.111950 0.524111 0.007855 0.016184
4 0.217878 0.569570 0.113716 0.144194
4 0.248139 0.568427 0.030219 0.049924
4 0.335885 0.567711 0.069019 0.136210
4 0.336568 0.570775 0.027269 0.062371
4 0.319437 0.505306 0.023448 0.047971
4 0.406636 0.578439 0.053331 0.101671
4 0.416503 0.574898 0.100918 0.149827
4 0.408303 0.543536 0.081880 0.124177
4 0.518225 0.602700 0.098576 0.102370
4 0.610107 0.468492 0.078269 0.121154
4 0.692370 0.478990 0.008131 0.019504
4 0.721153 0.526961 0.016953 0.035365
4 0.756271 0.480854 0.060105 0.089651
4 0.826980 0.539284 0.135977 0.225649
4 0.877892 0.425066 0.053101 0.092793
4 0.880496 0.435645 0.040829 0.075336
4 0.950560 0.446101 0.009264 0.019801
4 0.913555 0.610000 0.121156 0.120307
