4 0.017712 0.646506 0.035424 0.112215
4 0.017712 0.645792 0.035424 0.110787
4 0.327043 0.963819 0.094480 0.072362
4 0.380108 0.960274 0.047275 0.079452
4 0.358389 0.421236 0.082537 0.115018
4 0.371871 0.434217 0.008008 0.011116
4 0.353196 0.457420 0.040339 0.040306
4 0.320208 0.162129 0.031995 0.052822
4 0.385704 0.217707 0.034808 0.062252
4 0.375768 0.205565 0.054707 0.117532
4 0.742366 0.839418 0.018286 0.038816
4 0.730521 0.897811 0.040121 0.088182
4 0.723159 0.883311 0.066784 0.128375
4 0.710100 0.791548 0.040663 0.074016
4 0.726637 0.757660 0.009946 0.013953
4 0.754341 0.777593 0.017746 0.073190
4 0.750828 0.528705 0.041257 0.089605
4 0.745977 0.541361 0.051011 0.106048
