4 0.159748 0.573869 0.052130 0.067146
4 0.150243 0.643009 0.094938 0.110660
4 0.138099 0.563588 0.105169 0.162119
4 0.233866 0.668757 0.084475 0.059141
4 0.234220 0.671476 0.083767 0.053702
4 0.390767 0.638452 0.084238 0.119707
4 0.385531 0.529671 0.089297 0.151275
4 0.546024 0.615922 0.066259 0.164719
4 0.537103 0.679516 0.024678 0.037528
4 0.553289 0.646496 0.080790 0.103570
4 0.710955 0.671179 0.082551 0.054158
4 0.700440 0.647289 0.035075 0.044214
4 0.873717 0.639334 0.094426 0.100151
4 0.874183 0.598133 0.042618 0.056335
4 0.957565 0.538615 0.084870 0.188799
4 0.952449 0.643773 0.095101 0.093061
