4 0.140730 0.944800 0.092461 0.110401
4 0.162703 0.940297 0.050527 0.119405
4 0.143921 0.870528 0.013417 0.012225
4 0.110635 0.706646 0.044814 0.063278
4 0.156394 0.615150 0.027269 0.029423
4 0.152428 0.611383 0.065040 0.113701
4 0.108750 0.645169 0.026844 0.033526
4 0.106775 0.176533 0.018010 0.029107
4 0.079352 0.146686 0.018552 0.031141
4 0.151691 0.168419 0.058481 0.117060
4 0.517368 0.931275 0.074751 0.104891
4 0.502550 0.877066 0.008647 0.009992
4 0.493042 0.839709 0.081454 0.131306
4 0.493316 0.687878 0.015631 0.016230
4 0.542491 0.727610 0.009944 0.016098
4 0.528376 0.597366 0.006700 0.012257
4 0.535060 0.496804 0.041703 0.109425
4 0.532577 0.496886 0.046669 0.109804
4 0.535954 0.496775 0.039915 0.109289
4 0.534306 0.385601 0.041606 0.110288
4 0.533831 0.385554 0.042554 0.110382
4 0.535233 0.275902 0.038146 0.112768
4 0.529101 0.274815 0.050408 0.114941
4 0.539734 0.167464 0.027539 0.112885
4 0.459779 0.165928 0.024069 0.079277
4 0.474934 0.187929 0.013061 0.014355
4 0.899106 0.797959 0.013300 0.024490
4 0.907787 0.782296 0.010975 0.056960
4 0.885348 0.406430 0.009556 0.011786
4 0.911947 0.361528 0.024590 0.039540
4 0.906988 0.365709 0.036447 0.111526
