4 0.311362 0.979838 0.040160 0.040323
4 0.266206 0.808258 0.081031 0.140118
4 0.205442 0.915785 0.042331 0.073246
4 0.271585 0.798919 0.070274 0.121440
4 0.705146 0.647949 0.069138 0.138787
4 0.697817 0.678997 0.032916 0.067796
4 0.633183 0.632442 0.095120 0.190669
4 0.661769 0.568574 0.068585 0.131946
4 0.425214 0.204783 0.100515 0.156609
4 0.439319 0.198209 0.009736 0.015241
4 0.436494 0.234002 0.042636 0.066518
4 0.293961 0.058721 0.042880 0.060186
4 0.360105 0.032872 0.048510 0.065744
4 0.348530 0.047502 0.084359 0.095004
4 0.959230 0.207330 0.074209 0.159671
4 0.859483 0.019100 0.023700 0.038199
4 0.874056 0.067871 0.051581 0.099009
4 0.863186 0.070316 0.079564 0.140632
4 0.820428 0.028941 0.049445 0.057882
