4 0.261897 0.816747 0.089510 0.155156
4 0.265409 0.810787 0.082488 0.143238
4 0.273765 0.796604 0.065773 0.114869
4 0.050055 0.416412 0.080975 0.120963
4 0.006234 0.517790 0.012469 0.026362
4 0.056648 0.408583 0.067789 0.105303
4 0.843326 0.897966 0.064707 0.147200
4 0.843955 0.895944 0.063449 0.143155
4 0.812762 0.973007 0.010263 0.027154
4 0.670017 0.569851 0.064893 0.124334
4 0.673046 0.563058 0.058836 0.110749
4 0.664919 0.634199 0.035318 0.071672
4 0.405804 0.107004 0.070632 0.111031
4 0.366391 0.036749 0.062399 0.073499
4 0.937037 0.091853 0.057641 0.111130
