4 0.742771 0.941725 0.088630 0.116551
4 0.751379 0.941725 0.071412 0.116550
4 0.749269 0.941725 0.075633 0.116550
4 0.691548 0.871483 0.084794 0.178984
4 0.660254 0.872905 0.012972 0.028506
4 0.526551 0.564219 0.094821 0.175346
4 0.534274 0.550479 0.079375 0.147866
4 0.558333 0.583815 0.031257 0.058511
4 0.482882 0.445972 0.044116 0.076578
4 0.471354 0.483983 0.013053 0.022435
4 0.473783 0.457091 0.093326 0.165438
4 0.272918 0.038635 0.082909 0.077270
4 0.260690 0.050708 0.107364 0.101416
4 0.263041 0.048387 0.102664 0.096775
