4 0.324646 0.909620 0.034129 0.062148
4 0.154350 0.786219 0.023403 0.037085
4 0.709210 0.651807 0.074539 0.152585
4 0.691560 0.655144 0.041126 0.082812
4 0.605725 0.534080 0.081008 0.153978
4 0.619352 0.543206 0.013684 0.026504
4 0.523516 0.468727 0.048280 0.086264
4 0.448860 0.177376 0.074622 0.120153
4 0.447922 0.178700 0.076496 0.122799
4 0.401758 0.109769 0.012943 0.019692
4 0.412544 0.090002 0.060540 0.098046
4 0.409410 0.105612 0.034261 0.050298
4 0.349599 0.048521 0.083319 0.097041
4 0.348065 0.048281 0.017168 0.024058
4 0.987971 0.188499 0.014325 0.031600
4 0.972015 0.176849 0.055970 0.122869
4 0.910703 0.197788 0.027714 0.055179
4 0.854962 0.030517 0.010419 0.019913
4 0.852901 0.075330 0.024440 0.045485
4 0.891243 0.044120 0.014189 0.027718
