4 0.303887 0.981170 0.026229 0.037660
4 0.274978 0.905611 0.065248 0.117146
4 0.233318 0.829525 0.082031 0.142343
4 0.240050 0.818738 0.068566 0.120765
4 0.208620 0.825845 0.044487 0.074908
4 0.066168 0.481629 0.066448 0.105784
4 0.059399 0.489873 0.079984 0.122274
4 0.062441 0.486168 0.073901 0.114863
4 0.770521 0.817613 0.056551 0.116520
4 0.697354 0.814004 0.069378 0.144154
4 0.673596 0.812087 0.025852 0.053311
4 0.640018 0.605287 0.035251 0.069976
4 0.634742 0.594944 0.071828 0.138790
4 0.461654 0.381210 0.044937 0.074322
4 0.424130 0.340320 0.090620 0.146639
4 0.436735 0.303693 0.099981 0.157998
4 0.419811 0.198030 0.075964 0.121736
4 0.411224 0.206376 0.077292 0.122581
4 0.330925 0.047589 0.082234 0.095177
4 0.306969 0.039132 0.023819 0.033845
4 0.299160 0.100669 0.010475 0.014203
4 0.977072 0.300504 0.045857 0.135384
4 0.972804 0.277452 0.018177 0.039737
4 0.934193 0.206842 0.047551 0.099463
4 0.934876 0.205844 0.019969 0.042116
4 0.929993 0.240446 0.015899 0.033596
4 0.905695 0.146966 0.038503 0.077016
4 0.900160 0.139685 0.066517 0.131470
4 0.898323 0.157081 0.053623 0.106449
4 0.862215 0.053419 0.059376 0.106838
4 0.800514 0.035891 0.051220 0.071782
