4 0.856125 0.260333 0.011030 0.015664
4 0.853874 0.344657 0.049616 0.062312
4 0.861535 0.396945 0.018775 0.039684
4 0.751641 0.252154 0.028348 0.035549
4 0.780083 0.321656 0.013316 0.023734
4 0.729900 0.285457 0.018785 0.049126
4 0.717288 0.304795 0.061840 0.091723
4 0.637150 0.304334 0.054579 0.093880
4 0.617063 0.241687 0.082469 0.070750
4 0.425557 0.251009 0.004821 0.014818
4 0.465179 0.331153 0.039051 0.079127
4 0.485673 0.263316 0.010052 0.022278
4 0.401296 0.363974 0.008795 0.025487
4 0.345972 0.259035 0.013884 0.027307
4 0.299746 0.324020 0.027609 0.037644
4 0.286471 0.398669 0.091546 0.128793
4 0.112750 0.355876 0.009874 0.017359
