4 0.932208 0.011104 0.020728 0.022207
4 0.893555 0.280064 0.061220 0.113609
4 0.876886 0.281912 0.027883 0.109914
4 0.927894 0.636947 0.069555 0.077390
4 0.908047 0.861321 0.061733 0.073571
4 0.885592 0.832322 0.060830 0.119860
4 0.534567 0.490026 0.016090 0.019086
4 0.573374 0.644558 0.027337 0.028696
4 0.501445 0.595768 0.038635 0.113209
4 0.534865 0.568318 0.014300 0.025831
4 0.172921 0.145867 0.035662 0.050191
4 0.149997 0.130650 0.049066 0.124015
4 0.158455 0.216490 0.013654 0.061859
4 0.190252 0.253706 0.019961 0.054034
4 0.139763 0.355715 0.028252 0.110485
4 0.138635 0.355866 0.025996 0.110183
4 0.169086 0.578048 0.045046 0.109653
4 0.167136 0.727460 0.020000 0.043822
4 0.165568 0.669045 0.031219 0.069896
4 0.142209 0.688952 0.032626 0.110848
