4 0.929210 0.846223 0.068659 0.080447
4 0.581158 0.927738 0.010083 0.043800
4 0.567968 0.835690 0.060245 0.086465
4 0.549897 0.894875 0.007106 0.021348
4 0.500256 0.949862 0.014859 0.044918
4 0.751892 0.284862 0.004848 0.015166
4 0.455026 0.171406 0.007807 0.016413
4 0.442579 0.165554 0.063070 0.062211
4 0.423256 0.292308 0.033152 0.062386
4 0.366745 0.208170 0.010615 0.014316
4 0.350552 0.291613 0.019432 0.043536
4 0.378631 0.245202 0.004815 0.013492
4 0.096592 0.195776 0.013942 0.022411
4 0.109953 0.167950 0.009108 0.015010
4 0.116478 0.178265 0.074044 0.088734
