4 0.165352 0.941005 0.058102 0.117990
4 0.141899 0.957612 0.032306 0.055384
4 0.106768 0.846671 0.106743 0.134559
4 0.166030 0.833035 0.054121 0.119563
4 0.134603 0.277569 0.095565 0.117915
4 0.150125 0.291086 0.009282 0.011388
4 0.129098 0.313896 0.046510 0.041526
4 0.087165 0.020560 0.037434 0.041120
4 0.163343 0.072173 0.040788 0.064409
4 0.151771 0.060072 0.064313 0.120144
4 0.516438 0.939401 0.077913 0.121198
4 0.520766 0.682601 0.021422 0.037245
4 0.506941 0.739144 0.046869 0.084351
4 0.498353 0.724601 0.077993 0.122557
4 0.482939 0.634213 0.047644 0.070994
4 0.502285 0.601625 0.011681 0.013315
4 0.534807 0.622393 0.020810 0.071232
4 0.530719 0.375421 0.048782 0.091356
4 0.524986 0.387832 0.060269 0.108126
4 0.888028 0.981385 0.018850 0.037231
4 0.862406 0.979902 0.017408 0.040195
4 0.899103 0.829038 0.007056 0.014187
4 0.915177 0.817731 0.006976 0.012039
4 0.867353 0.708204 0.016183 0.085380
4 0.885479 0.631302 0.013712 0.023732
4 0.910739 0.601142 0.036881 0.112682
4 0.912643 0.600808 0.033073 0.112014
4 0.865743 0.498805 0.025555 0.095536
4 0.863949 0.509412 0.016450 0.039682
4 0.896869 0.490304 0.045525 0.111838
4 0.895976 0.250867 0.023566 0.043144
4 0.910934 0.268816 0.030726 0.113511
4 0.851923 0.108034 0.015924 0.037646
4 0.871171 0.170825 0.019510 0.037723
4 0.890657 0.133418 0.039842 0.082458
4 0.906476 0.054448 0.035806 0.108896
