4 0.907500 0.967516 0.052518 0.064968
4 0.769650 0.830555 0.049484 0.117372
4 0.691770 0.607562 0.068055 0.136183
4 0.492909 0.301579 0.034107 0.059333
4 0.459365 0.256000 0.039647 0.066311
4 0.475296 0.213326 0.070300 0.119094
4 0.475017 0.213760 0.070857 0.119961
4 0.391690 0.220344 0.071410 0.112304
4 0.389219 0.158238 0.032330 0.048328
4 0.425155 0.136529 0.075919 0.122381
4 0.936807 0.177602 0.058543 0.125778
4 0.965470 0.132385 0.012245 0.027511
4 0.941893 0.182439 0.015783 0.034538
4 0.874064 0.081719 0.017611 0.035851
4 0.920599 0.056063 0.062149 0.112127
