4 0.992493 0.969781 0.015015 0.042633
4 0.799863 0.969286 0.028378 0.029545
4 0.805157 0.828648 0.064103 0.058361
4 0.811463 0.910834 0.069747 0.136953
4 0.744163 0.851002 0.059835 0.079208
4 0.746919 0.853426 0.067001 0.106347
4 0.744432 0.822699 0.062028 0.044894
4 0.685295 0.837868 0.063112 0.073662
4 0.685439 0.840108 0.063398 0.078145
4 0.624853 0.835464 0.061568 0.067288
4 0.581861 0.939403 0.003358 0.010421
4 0.383028 0.849312 0.061690 0.088716
4 0.383510 0.836387 0.060726 0.062871
4 0.073491 0.821302 0.065782 0.059215
4 0.086293 0.907475 0.020580 0.060058
4 0.072814 0.826699 0.067136 0.070012
4 0.757276 0.162468 0.067709 0.064055
4 0.756364 0.153940 0.065885 0.047001
4 0.780930 0.215373 0.030573 0.051673
4 0.379082 0.169595 0.063670 0.062024
4 0.316870 0.161264 0.063679 0.042651
4 0.117416 0.186790 0.071674 0.074842
4 0.029612 0.225781 0.038253 0.082790
